## RankNet
## Epochs = 100
## No. of features = 46
## No. of hidden layers = 1
## Layer 1: 10 neurons
1 2 3 4 5 6 7 8 9 10 11 12 13 14 15 16 17 18 19 20 21 22 23 24 25 26 27 28 29 30 31 32 33 34 35 36 37 38 39 40 41 42 43 44 45 46
1
10
0 0 0.22979591645989245 -0.05640305185445907 -0.0921275230648059 -0.16033922230148273 0.09675755920592481 0.08005794049857415 0.12991961317937145 -0.08416871915306236 0.050100088367229734 0.04180529054031979
0 1 0.26739497138491264 -0.00933128895977394 -0.18177914031623574 -0.20109323944630758 0.13410041522382404 0.14558515059063562 0.11519108542487416 -0.2504158501074122 -0.10872761255812294 0.12694716852976687
0 2 0.2670863801680303 0.0872156286461131 -0.27305114992475055 -0.32310549565954927 0.07406665663494562 0.033217111375936664 0.1976606272636414 -0.20576182010621125 0.05733542738534604 0.14009990063332306
0 3 -0.08432263369536983 0.06777619158481521 -0.09306929349754015 0.014576378564098913 -0.06570192296133436 0.01363613131948462 0.08726117285924795 0.009953910525460566 0.001822040090223087 -0.0277024141135955
0 4 0.2408473354151653 -0.05067830316361869 -0.08925933004050615 -0.24398532509599918 0.036745021949390236 -0.03131504174951617 0.005164996808695839 -0.17185731292495568 0.023308555779173783 0.06687415189747825
0 5 -0.010283815674483776 0.008527969941496849 -0.03151541203260422 -0.06503994762897491 0.014879792928695679 0.07909680157899857 0.07914961874485016 -0.014077204279601574 0.026814961805939674 0.04958535358309746
0 6 0.09291145205497742 0.08469504117965698 -0.009143734350800514 0.07532496005296707 -0.07440654933452606 0.04296712204813957 -0.07840733975172043 0.07100857049226761 0.008119541220366955 -0.06645436584949493
0 7 0.04570044204592705 -0.04696650430560112 0.08006276190280914 -0.0365787036716938 0.036575041711330414 0.046844977885484695 -0.03477904200553894 -0.04495611786842346 0.012257903814315796 0.08575048297643661
0 8 -0.07388786971569061 -0.012605493888258934 0.004989659879356623 0.022786438465118408 -0.010008459910750389 0.0886256992816925 0.036250967532396317 0.02739679254591465 -0.016162807121872902 -0.003234130097553134
0 9 0.008222848176956177 0.015044462867081165 0.052656590938568115 -0.0989856868982315 0.04603569582104683 0.03449096530675888 0.010954963974654675 0.05354183912277222 -0.02119319513440132 -0.086306631565094
0 10 0.1915736531123648 -0.029518901121423025 -0.09121180724283752 -0.12894466160719567 0.12623198912903022 0.01649609215258272 -0.04737860625751802 -0.006971126408967514 -0.08298707634694225 -0.03408165968808336
0 11 0.2339030307830797 0.027749075921176262 -0.19520233460660324 -0.3027837853590183 -0.00780602326935816 0.010496959118400042 0.16405638412999773 -0.10707087892633087 -0.033818985982564394 0.08668351915280408
0 12 0.40471107601747563 0.11515026276168622 -0.30017437943588776 -0.4024082217007537 0.18923036411296132 0.029192266331410345 0.1256470661898687 -0.3667237862668637 -0.08991374340631095 0.11574575582521818
0 13 0.05818806494846086 -0.05093642371553621 0.007540186341784018 -0.01658158403091519 0.09187090338119566 0.04959970274512452 -0.040936507407471755 -0.016628375964775156 0.03649626962742021 -0.05951792273937817
0 14 0.035683468201243435 -0.022939397798800356 -0.041767391782867376 -0.16328331340227278 0.0689182155907776 0.08523658465741889 0.07942940244698687 -0.06891842719518469 -0.07976695480160836 0.09659211637869748
0 15 0.0915927544631112 0.09967591527634546 -0.09994373055511299 -0.1609146632945913 0.09237659274349197 0.026199660388454154 0.05834704896122877 -0.022641003655052103 0.07648900226598382 -0.010685749632978954
0 16 -0.058031385326903474 -0.038460320650119284 -0.11569002982482167 -0.10718552382311125 0.07417007067542504 0.04694989003799401 -0.014132657015825193 -0.115127250640067 0.00332302908700759 5.9963447155356526E-5
0 17 -0.044203143332089107 -0.10170830334766573 -0.010060773231203815 0.03809801974014722 -0.08516007406898428 0.04383772904591231 -0.07415511766223365 -0.0016463777894161378 -0.02787269334611388 0.04217806115293635
0 18 -0.17345137776097466 0.015155709409999028 0.12272183046931075 0.3750677340948442 -0.010241609703839794 -0.14163147706427423 -0.08976292145647058 0.1175844364604701 -0.06383779982538156 -0.114406775241951
0 19 0.05925500577368033 -0.0604838785464738 0.01339111938424325 -0.17652984076034275 0.0073317579539309815 0.07815992961149684 -0.0015255218485695286 -0.08256459181643347 0.015033793047876389 -0.0200849207727457
0 20 0.7019790749922938 -0.032824882526229886 -0.39561397062185744 -0.9198814906673206 0.2904430960180565 0.20998933579970797 0.23975334055535927 -0.5761473198922449 -0.17268761823177922 0.16324586217731674
0 21 0.710564002274246 0.1117128333359489 -0.5294424502273759 -0.9455067124906165 0.24669712646682976 0.1537530250022648 0.15192872954358655 -0.5255773938186413 -0.09868504171719872 0.10044785242019263
0 22 0.8626604928683583 0.01723019290734258 -0.6735920314907126 -1.1622651617255868 0.3054436846432425 0.32309232546003663 0.2717745874240101 -0.6859671312864497 -0.12106216797549743 0.17840269485704452
0 23 0.7423257666478049 0.033954770205819544 -0.4278964747072163 -0.990213540380337 0.20280483746671912 0.30045721456416646 0.3057142640872316 -0.6413021258705145 -0.17601120733428938 0.22926612731816323
0 24 0.3240321673885874 0.03929127373299881 -0.11174230116562998 -0.41856106735801973 0.13709604352995333 0.022921358867953375 0.06276882099277453 -0.21864162388495165 0.03219450836252342 -0.03442951258018025
0 25 0.3004306442827029 0.06391191639478147 -0.15047484211975268 -0.3752274307946775 0.1675112472604733 0.044684557004845436 0.10002950618469991 -0.26621832644136034 -0.10243785347273915 0.1208961458547611
0 26 0.2628302667450912 0.07822921195491714 -0.20391834916067986 -0.4169650170559547 0.16324627698919966 0.11760292113903142 0.08694902716988151 -0.24213484127354415 -0.04711617418291873 0.16268943396401345
0 27 0.3357567789151457 0.017880621930604065 -0.1614898055553796 -0.4391513475154902 0.04275354065656584 0.025051065629183404 0.09024894218886201 -0.2749339169753501 -0.04117760514042535 0.060048583684788624
0 28 0.29603923267499005 -0.03376935257598061 -0.2903931873871145 -0.3217320590404926 0.07665728836607826 0.12340815500176043 0.12996275306002664 -0.19200110264401757 -0.0476275610892194 0.15817513063032132
0 29 0.433917713420295 0.04198760804070209 -0.26443635144784555 -0.4640980742027203 0.1230148161413722 0.14856770946383188 0.11759525636517415 -0.2826925436658814 -0.055206805430113665 0.029859187888521762
0 30 0.403244896081127 -0.025551638905793345 -0.22296109995269248 -0.5493649355971648 0.05002228086965569 0.11656930680912278 0.08749424727310798 -0.3605194934593515 -0.1279192040901729 0.09819913030255792
0 31 0.36762324251886813 0.03502919457376672 -0.34701543066661744 -0.5236660874323106 0.10914447081363371 0.018659364813134835 0.1218768230325428 -0.36212275965273494 -0.03186450204648181 0.15822131764078678
0 32 0.15231556172022923 0.03146190735003524 -0.1457044245061708 -0.059712511088998825 -0.03997209049979659 -0.03645830186268938 -0.04932363759854187 -0.13213845366522564 -0.06772279600950863 0.11593352739745456
0 33 0.2098747954345739 -0.0206441486809274 -0.010851933479025331 -0.17065004539246525 0.11480453202977642 -0.04807431970076062 0.07536030189839836 -0.0894487805372386 -0.04888226109595089 0.09973942441086962
0 34 0.0515742007815949 0.01021377528141406 -0.03498117517637401 -0.2622197499925029 0.017849237104092686 0.002089056182722041 0.09159447466091739 -0.11465166768527583 -0.05399937962210282 0.015634227735821474
0 35 0.008520819464781322 0.08412614670421127 -0.033981909084778564 -0.052133409787134675 0.08310572823539775 0.10493083441513412 0.06353077037834695 -0.08871622656666331 -0.0983591916211733 0.10513687869429578
0 36 0.6987583442009464 0.12127133624972117 -0.4301633039987683 -0.8973009861070975 0.12476974412185786 0.1940716698752091 0.17601401395076072 -0.5396986270879379 0.006423969304443426 0.22804359556615247
0 37 0.7552826940702546 -0.0237802700147257 -0.5531037052213275 -1.0079449865569865 0.19747523944384973 0.23390842079172267 0.18426296777797457 -0.48177118154393145 -0.11607432640975444 0.12414148542597478
0 38 0.7050666024208786 5.060614782310421E-5 -0.6241588855127088 -1.0104796981320545 0.25259147434517226 0.24946831965185212 0.2846371978844169 -0.5813536148687393 -0.14959533573892964 0.21577578466742833
0 39 0.7080707828013092 0.04238171165809883 -0.48670791939685065 -0.9709279823840253 0.1479591709760425 0.22767619322515759 0.18745088689732922 -0.48599565961975855 -0.016371981484018125 0.14339355464981815
0 40 -0.3241521710027458 -0.09795034427563226 0.1692274541359171 0.13853584867097077 -0.1485065157162571 -0.01809186658639099 -0.05209944046899967 0.050755480681240986 0.047542669098024834 -0.10911093309719343
0 41 -0.26441352559831843 0.0404643513897659 0.23491926034218674 0.2424969718158476 -0.06178462309009637 -0.12953423951545984 -0.14286847843911962 0.19432174259551796 0.012654702681724996 -0.08982016839803024
0 42 0.05373194068670273 0.07661746442317963 -0.05830875039100647 0.08034082502126694 0.03145240619778633 0.003953397274017334 0.009126758202910423 -0.0714363306760788 -0.0066789863631129265 -0.01306370459496975
0 43 0.0385284236150405 -0.02432799372408398 0.03179074926080422 0.006475703643821595 0.07542333919071002 -0.008811603835070363 0.08698298783931088 -0.027627583661293784 -0.030772904777154404 -0.011882352773362312
0 44 -0.09978045378530545 -0.07322968452041793 -0.032311161149065105 0.045704683943197495 -0.008343828429292896 0.0019131602342269283 0.031164884505477726 -0.028582058167295917 0.04132962753035846 -0.0038733773259385083
0 45 -0.03458684578520084 -0.07629693462723217 -0.041960043113374514 -0.03932087947622975 -0.05986318188170345 0.07489615289544632 0.07926477066942902 0.06404883395182721 -0.056345871873356504 0.07177178566992734
0 46 -0.12016937801336904 -0.08467140877631794 -0.034633042273891974 0.13523626859181648 0.012466500465297193 -0.12434987958669075 -0.0048392211944060775 -0.03691551011210718 0.07446787366531589 -0.13221195425341525 -0.37768470810010796
1 0 1.5227465886176776
1 1 0.07053019388126441
1 2 -1.285711772347197
1 3 -1.7305998469999948
1 4 0.660197720127888
1 5 0.6544391714457328
1 6 0.6797273605315199
1 7 -1.3214450750535827
1 8 -0.4209597967623611
1 9 0.5609002368534374
