## RankNet
## Epochs = 100
## No. of features = 46
## No. of hidden layers = 1
## Layer 1: 10 neurons
1 2 3 4 5 6 7 8 9 10 11 12 13 14 15 16 17 18 19 20 21 22 23 24 25 26 27 28 29 30 31 32 33 34 35 36 37 38 39 40 41 42 43 44 45 46
1
10
0 0 -0.10005789951554847 -0.05370136226019011 -0.14914101541874875 0.21808424551985414 -0.08752327526677657 0.10334640364169724 -0.03285134451682419 0.030512197858208297 -0.15413297052807665 0.14520334167608615
0 1 -0.07175851129702894 -0.13164590079791935 -0.0970214160888037 0.21245820999929046 -0.1932201101233492 0.07225769532987873 -0.045244320987707136 -0.09406562150203837 -0.16797421790138026 0.17249063679205123
0 2 -0.18007636074967365 0.029398061756648854 -0.06464980252109874 0.2545639393960859 -0.2368335540738016 0.16650476374166848 0.006817651083924901 0.012150993134266725 -0.27725452402658624 0.20837018982247596
0 3 0.021683095191694972 0.036345882976450576 -0.002337477722594604 -0.048412801938975736 -0.05406503863321191 -0.09621867987694659 -0.06143157381158353 0.09470153060903666 -0.08120689133190011 0.038509907595175176
0 4 -0.06993741169776072 -0.11437161450471048 0.02462925908431551 0.22753188005937489 -0.08403932990552128 -0.02051155991811511 0.013248934421178284 0.08219892570599027 -0.007441792649338329 0.019266318261686243
0 5 0.0523771271109581 0.09773670136928558 -0.0660189539194107 0.0541955940425396 0.08925150334835052 -0.08757250010967255 -0.05905914306640625 -0.06264208257198334 -0.02279563620686531 -0.07452384382486343
0 6 0.09381677210330963 0.07366232573986053 -0.02988274022936821 0.043766092509031296 0.0933353453874588 0.031787969172000885 0.0984044298529625 0.048989854753017426 -0.04547284170985222 0.03847358375787735
0 7 -0.08443782478570938 -0.05651461333036423 0.009467852301895618 0.04465757682919502 -0.03080001473426819 0.08668524771928787 0.08139830082654953 0.09193199872970581 0.028255140408873558 0.024466078728437424
0 8 -0.07113580405712128 0.08971433341503143 0.022221362218260765 -0.08726049214601517 0.08529342710971832 -0.06474040448665619 0.05503202602267265 0.04472224786877632 -0.0681840032339096 -0.008748054504394531
0 9 -0.0866374522447586 -0.0826880931854248 0.02595077082514763 -0.08039705455303192 -0.05509062483906746 -0.09134942293167114 0.04780163615942001 0.08827177435159683 0.022242266684770584 -0.036394089460372925
0 10 -0.12212815800686873 -0.11291655467325797 -0.1563387198695032 0.05841500625141418 -0.09367353623562763 0.016795274853305255 -0.07590958487190688 0.056454862212848456 -0.021298533887223456 0.10762870172548133
0 11 -0.19573478940466185 -0.06581703996549883 -0.16350294577279562 0.1967964392630116 -0.07904445538434965 0.025942362829762235 0.015409131154718222 -0.014061525963416774 -0.18038990406892566 0.15168631702304286
0 12 -0.26486738975761115 -0.11039685524350441 -0.16074962343379645 0.264525610045986 -0.21515416361362932 0.15365871357891067 -0.1217439310945362 -0.01809258948836321 -0.11129804108949562 0.10072230490675484
0 13 -0.018269082559094693 -0.024173030684669295 0.026218282478864034 0.1360510485339962 0.011307940727765222 -0.07221651296822275 -0.07505893405256664 0.005641330218139055 -0.12013180012620889 0.08974148956981459
0 14 -0.01216304382889467 0.005589905624954743 -0.1243875426028307 0.17675262668151465 0.005372662350588606 0.049372831762280196 -0.06306610938457888 -0.056649950181330816 0.0026532801442475783 0.03826462798912201
0 15 -0.1329971145864796 -0.08252186750277796 -0.0692777036650481 0.16109191810510884 -0.0040849624689179714 0.10586488922985235 -0.013594782715074671 -0.0827238102393979 -0.1304968235850184 0.11586185706830276
0 16 0.06945208209606367 -0.04300751291348865 -0.08794211066976623 0.10944837832626038 -0.07495226652802477 0.059331778706320726 -0.06595223786952996 -0.05340931134832762 -0.03605215467798926 0.07696038757331457
0 17 -0.002466331792247035 0.11112784636307914 -0.06075869539654144 -0.04132640519547559 0.10564101600394761 -0.003027157495664918 -0.0621050135671931 0.10105199925122785 0.08351931089310864 -0.1190905798742024
0 18 0.1821623868440793 -0.042154547380053996 0.006403886556945764 -0.30573090337923553 0.01600110430859721 -0.06899330440099549 0.06232368254544838 0.05300578902484988 0.14980874537796235 -0.15512135521079054
0 19 -0.055042803854716785 -0.05938612223014011 0.047991709255420255 0.04029921814273251 -0.09420155011761296 0.09087806299059571 0.08593389895963113 -0.08304806124095071 0.017990987833860626 -0.017763315431059783
0 20 -0.38176001268933774 -0.050686338087014525 -0.25205915471135426 0.6529960270132249 -0.32536772557145394 0.28162966298152387 -0.14963565344004817 -0.14314559861768136 -0.45046492824536505 0.19358258645023135
0 21 -0.46433076553843056 -0.0818884496705426 -0.3145371506531599 0.5793790954202576 -0.3141767456167308 0.15868582266312287 -0.014467853771194873 -0.05495667814868995 -0.446014727260685 0.3111337926025133
0 22 -0.5089844642986769 -0.043159918650984785 -0.40837804236355685 0.8434496334129817 -0.42294065844279816 0.36355980593098913 -0.14322037899267515 -0.003063143900539199 -0.5926480977697504 0.40977981387018153
0 23 -0.5302705130088788 -0.09832806943560787 -0.3697556293009492 0.7109834734140337 -0.3519289106837101 0.3238042751135321 -0.002453425039173983 -0.05004559433797744 -0.3785082493811299 0.2232530977804145
0 24 -0.24463244904488943 0.008262763614162087 -0.13148830722790936 0.3026607565175075 -0.1588058752408848 -0.0031075746766617484 -0.010679686599748597 -0.01269670895365292 -0.09437369879653151 0.021590743558305203
0 25 -0.10065277750401298 -0.042000161185723396 -0.08616346076024657 0.31248327258463376 -0.16580613980593506 0.07686197066681992 0.016425372518908903 -0.05994689373816385 -0.07947806595121504 0.11750681152433468
0 26 -0.17510310027253126 -0.10527489310918531 -0.05010373731065845 0.32232841898732667 -0.056975446400005056 0.03754122345115525 0.03954067181703628 -0.10116886087898228 -0.19086598914590885 0.07302569056723933
0 27 -0.15801433346138208 -0.04796805271978684 -0.10520854841330927 0.24358622517065215 -0.13974959197654335 0.16987199545879023 0.035054240825537764 -0.11020146122116406 -0.23019424173279857 0.08849549144871109
0 28 -0.14908486741923854 -0.14574237524345662 -0.15525536887975802 0.2311222955052743 -0.2123700343536645 0.18517341951433045 -0.12413883626920998 -0.04693178172907707 -0.2831194451892681 0.02758580192241082
0 29 -0.22845698251016755 -0.13879867441742513 -0.1489690978473353 0.4101494494204072 -0.17347084362540297 0.048181399866562884 -0.0368786545368719 -0.06228325330159211 -0.28596823410247146 0.20374821730041384
0 30 -0.19987458729067326 -0.1190168916821802 -0.2268252767092266 0.4288652858519719 -0.18585987966250447 0.22189350236842761 0.028716400104829357 0.0544838968329246 -0.12694294559455538 0.08325365074131912
0 31 -0.28738016527568105 -0.013844618897355112 -0.24140978213346992 0.35896549222105173 -0.09351880856925741 0.21207581676139403 -0.12556007389473436 -0.07058469787940756 -0.28946470245337685 0.1439305293980389
0 32 -0.12167243720041505 -0.05496862564336787 0.04173517411037948 0.08946095072586185 -0.0039025578006394064 -0.056712868900031355 0.005369450274437114 0.003643187670316979 -0.1609255961688455 -0.0040926499106986175
0 33 -0.040294081570159485 0.056439089141059814 -0.1214732092703115 0.18339399989434774 -0.002941169604569344 -0.056636604054997236 -0.09498819220400358 0.011776144783513923 0.025512062535128246 -0.005281319398033884
0 34 -0.16177730197447726 -0.08998227103364194 -0.12309753360809143 0.10575151213405923 -0.01813901578330347 0.05118768690246556 0.003496989026389833 -0.0765202238514173 -0.16345021726889505 -0.04095988615544413
0 35 -0.005878726586089364 -0.1080851463367463 0.028448292874523055 0.08419198458051227 -0.08685444282102563 0.03335870150166397 0.04264215693216332 -0.05091685603867772 -0.05480990654088553 -0.04938753067356017
0 36 -0.3942331568359447 -0.02287594933439975 -0.31912751702860515 0.5654656948291654 -0.2365388192583059 0.19962807786272274 0.025419427339103472 0.03466274767346424 -0.413442063970918 0.2821932985658015
0 37 -0.49898770832335887 -0.09347212063326116 -0.3817054277132895 0.7369033146587326 -0.3804537019366108 0.2573623676046947 -0.12722730400564494 -0.0936777476491074 -0.5136573090126684 0.2122702185416739
0 38 -0.47878321061541457 -0.12907812721734094 -0.3138520041648825 0.8028433555863692 -0.38643136773454045 0.377310089611546 0.018462969963311593 -0.13180781220968021 -0.4968777662987678 0.22411534630620347
0 39 -0.350513065795731 -0.013013417021956818 -0.23326161458278835 0.699602460372312 -0.3255598145165901 0.24063059303150636 -0.06938691739206997 -0.004560443945339764 -0.3742902194027066 0.2404958325169987
0 40 0.05833208094015226 0.11576384885496352 0.0660227884166646 -0.24992424897001497 0.07463521175499183 -0.1637057635341093 -0.05046751136134137 -0.07893370683749425 0.09046419084486891 -0.18787116177428673
0 41 0.06271437893419421 -0.04517724377574793 0.16169304218382546 -0.23133835480987816 0.002668274330974996 -0.1426617366669979 -0.038509869331304694 -0.056344234859006026 0.19690958941845305 -0.11985684279638403
0 42 -0.06196289509534836 -0.0706792026758194 0.04202395677566528 -0.020776916295289993 0.051890142261981964 -0.05854650214314461 0.01514526642858982 0.07528496533632278 -0.030161922797560692 -0.09830758720636368
0 43 -0.013714834710835367 -0.02126149538938607 -0.034465731432738844 -0.025667895946693563 0.052687601575428414 -0.022549184788860623 -0.03840638560292712 0.0729676792168042 -0.015707299888654158 0.08966618364056253
0 44 -0.06491474880741377 0.082767545329372 0.09472934178583994 -0.0010279518550121356 0.01971177666309735 0.05787457036709802 0.08938641148938131 -0.09735733863525037 -0.007290719949359992 0.02852856351576469
0 45 0.03883763870386374 0.09110685049639013 0.01111490741070962 0.02327280930955305 0.10038562684544736 0.0360663054359281 0.028170534822578648 0.037144192237365425 -0.04433523271533338 -0.0973417375740892
0 46 0.09130531464746501 -0.031957496003760626 -0.03247835027022758 -0.21334214090987058 0.05324310002986152 0.0094936715775327 -0.02067434991543102 0.04614693582185443 0.10189565902970336 -0.022580047377433653 -0.2009931710547434
1 0 -1.2053696655322914
1 1 -0.391779347436688
1 2 -0.9482231960651069
1 3 1.540186954015097
1 4 -1.0151989438439597
1 5 0.7770774676625006
1 6 -0.27265138473856015
1 7 -0.28602890762740757
1 8 -1.2392993025853603
1 9 0.7781110486737213
